100001000
000000000
000000000
000000000
000000001
100001000
000000000
100110100
100000001
000000001
100000000
100110100
100000001
000000001
110001010
100000000
100111000
100000001
000000010
100000000
100111000
100000001
000000010
100000000
100111000
100000010
000010010
100101110
100000001
000000010
100001100
000010010
000010010
000010010
110010000
110001010
101001100
010100001
100000001
000000010
100101010
100001000
000000000
000000000
000000000
101001000
010100011
110011100
100000010
110100011
000001111
100101111
100000001
000000011
100101111
110010101
100000010
110101010
000001010
100101010
100000001
000000011
100101010
001001110
100000010
000000001
100111001
100000000
100111100
100101010
100000001
000101011
000000000
110000100
100000001
001100010
100111001
110100000
101001000
011000010
100100001
100000100
000010001
100100101
101000001
010000111
100000001
000000001
100100101
101000001
010101000
111000100
100000001
000010001
100110001
111000101
100000001
000000001
100100101
100000010
000000001
100000001
000000010
100111001
111000000
100000001
000010001
000000011
100111101
111000110
101010000
